dataMatrix	LivCan_299_014.mzML	LivCan_085_018.mzML	LivCan_300_015.mzML	LivCan_309_020.mzML	LivCan_086_019.mzML	LivCan_363_016.mzML
variable_2	19.5559381039549	19.5265682410312	19.3774372078574	19.6102372526588	19.3493258551461	19.5375610304662
variable_26	16.1717629964219	15.9573125563588	15.894321584694	15.5280907197468	16.0591882377332	15.7846095005126
variable_37	15.9601370580292	15.9875484534182	15.6453109617759	16.296295223999	16.1222606078813	15.8178721000159
variable_40	12.3785921207844	13.1250147272591	13.4076693317119	12.9535769812653	13.1738091587426	13.2986825712116
variable_45	13.7269337942548	15.3194791023061	16.6175350320443	17.8249134507882	16.590076238118	13.2356570323148
variable_66	12.9101421411015	12.9625926634213	12.9087321687639	13.0728154280351	12.7276938996752	12.9913707641994
variable_79	13.4656024125581	13.8785046539844	13.5895090257459	13.6621278200069	13.8860998337511	13.7012661929069
variable_94	12.2898492291728	12.7449084120387	NA	12.7182009397206	12.2358064228623	12.5293207293538
variable_102	16.1979786438853	14.8526113729745	15.1140815546258	15.8305305386642	15.0223974255599	14.9688074724644
variable_109	17.0942054000533	17.6832273539572	17.531132256221	17.6674149601214	17.7514306050147	17.697825753877
variable_114	19.3418761442282	15.8665595451802	15.6512279888054	15.2184379100583	16.9856393142109	15.9317830354644
variable_116	13.7254086898715	14.2191189153439	14.1856509672633	14.1709049640426	14.323708515586	14.2439747217859
variable_127	12.4134175534327	12.4458695232158	12.6712131403434	12.432799118681	12.4781620566093	12.0562737542569
variable_143	15.9537623928225	14.1794259061028	16.2375746731126	14.2828137719914	16.6271783879559	16.5774105407022
variable_144	12.2267457072247	NA	NA	13.5565440322389	12.684193464784	12.75120913806
variable_157	19.2166824100772	20.1058445939402	19.6526865032527	20.1025723613822	18.6539161846936	18.7791138201056
variable_165	14.7444440990821	15.5691470111637	15.1180777381042	15.6446539849304	14.0940229685672	14.2930605711122
variable_174	16.5654922446779	17.1398609400299	16.9722486693846	17.0880938559023	17.189095401185	17.1625284884885
variable_177	13.1488295384991	13.6736597802486	13.5421620600714	13.4637469304821	13.7788869730054	13.8356336827769
variable_188	16.6234384566729	16.5150056876605	16.8755734214494	16.6600992047205	16.7761336183083	16.483578934357
variable_195	15.6133689457137	15.7383618402479	NA	15.7713618674497	15.5735250780516	15.6279215648267
variable_207	12.2330384387767	12.5475571330309	12.2741163643388	NA	12.1896136420116	NA
variable_224	18.5478913000384	17.8571759136491	18.2464723755813	17.7142771805305	18.5467240686588	18.3335925570855
variable_226	11.8925964321773	12.515502930705	11.9538822134188	12.4449282095615	12.4594348650114	12.424699287566
variable_227	14.7991393675422	14.1368112091044	14.1319586508173	15.8339188399363	15.1439643439071	14.9993622447848
variable_230	14.6863274350431	13.9761977552163	14.2380579486384	13.8849842478238	14.6333680237032	14.3051313003289
variable_240	11.864604923312	12.8848150895439	12.4923811591515	12.5595086360692	NA	12.820023385702
variable_244	17.6029769608756	17.135353308222	17.1311371102853	16.5850145537556	17.3588864193806	16.9600371971947
variable_248	16.4590018833117	16.4643947290805	16.4551242010814	16.4809043000533	16.5099449380027	16.4662110143947
variable_249	13.6606405666097	13.196089717386	12.9983421042955	13.4030982213372	13.3074378592338	NA
variable_256	13.5806574217779	13.8428926146757	13.8212351492781	13.908492700092	13.7894341322134	13.7971257260084
variable_263	13.2596032234507	13.4581598550822	13.286988796041	13.5232386339771	13.3493550561932	13.8794106101908
variable_268	14.4655889702776	14.1144842759828	12.8306766391147	14.2723324388772	14.8143277401065	NA
variable_280	15.1043691821113	14.8745901134431	14.9466416590201	16.2081539791642	15.3268137076928	15.0622697171602
variable_298	13.6201023881544	13.2292172194326	12.6681459820688	12.5609674271107	12.8450348828504	13.0753916542481
variable_307	14.313211919788	13.783502511096	14.1110834616964	14.4103478802245	14.2857369209638	13.9644951602382
variable_312	14.1501114805215	14.1025002077975	14.1342637676833	14.0194705061668	13.9580981441051	14.0480061957791
variable_324	13.484087774955	12.6535088875705	13.1052977540346	NA	NA	12.6415525043025
variable_330	17.1302268834626	13.7564665566854	13.6935356959327	13.1193157062025	14.9105496677669	13.8781552755922
variable_342	NA	NA	14.9785733283808	15.7494836910655	14.9933846676815	13.9773064516943
variable_349	13.2890480458866	13.5761237559447	15.5354304166312	12.4455170117126	14.5157427060597	12.829601603472
variable_377	13.8696361780116	14.1876816045379	14.2626005645245	14.6359313489631	14.3330338107472	14.0337998450154
variable_386	12.6447218097983	12.75282067554	13.1261448460971	12.8095541479843	12.7793542313765	13.0532430260302
variable_414	NA	12.4259392761058	12.4801337344375	12.2261469194736	12.1067790182427	12.5469303779322
variable_420	13.3760469148994	13.6537048414607	13.9146563784218	13.6146641956523	13.8204335002439	14.1790476692408
variable_436	13.2599022531414	12.7784442994177	12.9868477196482	13.4431490471451	12.9104631173712	12.5361860664483
variable_440	13.151529487433	12.4216732173158	12.7267902331665	12.9715202386079	12.7771805244291	12.5550149171905
variable_462	14.635147093572	14.0525924302511	14.4452539791832	13.2966384631198	14.2924836726874	14.541609645681
variable_473	14.2967824862147	14.3639234772023	14.6734047242318	14.4270414859022	14.3438879975188	14.6205221484715
variable_476	13.6356813355838	13.5737569783461	13.58006778604	13.7750238613774	13.5183469159758	13.4993642132589
variable_480	20.0689342612039	20.4246784448025	20.1168143216672	20.7045124530138	21.2205685201797	20.2314348838608
variable_487	16.5916824401373	16.9227035115463	16.6089850498312	17.2136339656553	17.7121831496223	16.7264259102626
variable_490	13.0144127919211	13.4439488923695	13.0195551540412	13.6833464163827	14.1384118910347	13.2516169433977
variable_509	15.4059135430873	15.3059788175689	15.3125071179866	15.4094729280944	15.1921551215244	15.2709115374153
variable_514	NA	13.1310258729908	13.338334079489	12.8716203790169	NA	12.62443991581
variable_521	15.2215412381378	15.1691142835064	15.1718003212658	15.2169924732117	15.0854282019636	15.1957363107368
variable_522	13.2400988470544	13.1663043322315	12.9944104460564	13.2354089167944	13.0230983418716	13.1285064842617
variable_528	12.1174808591105	12.031084492023	11.8990145990069	11.5873985226424	12.1490770400407	12.2180839508346
variable_539	14.5321450634455	14.3904174539342	14.431963887384	14.4682431910564	14.2916026685262	14.3498781899257
variable_549	12.1760539521	11.8882630021768	12.1843990866445	12.0884449733255	NA	12.1707590804518
variable_559	14.111049964137	13.9974526859767	14.2830258005376	14.1552093163604	14.0904702149243	14.3469254651132
variable_564	14.2471347802561	14.5486380187407	14.0056670287896	14.047060029931	14.9864039052151	14.1837149116343
variable_573	14.0861896966551	14.043309162038	14.010361455638	14.1290683413612	13.9131556124536	14.0422919509492
variable_581	11.85073662489	11.9157067245425	11.7085262001015	12.305320811992	NA	11.7290803065213
variable_585	13.3070520771535	13.0859991624852	13.2587571917145	13.4327195043441	13.1510934491106	13.1938689483015
variable_596	12.2568433548548	12.7642886853434	12.3972596581521	12.963486031547	12.2427469470701	12.7794459009725
variable_614	12.9016346464237	13.1221710283037	12.8211696329056	13.252730215853	12.8335148079217	12.9005086098428
variable_625	13.0289228482439	12.7791690180513	12.6687708897445	12.8037867511044	12.54567313968	12.9073079905676
variable_640	12.8898975839486	12.7673381413447	12.8204066952605	13.0105845754372	13.0627686076402	12.8613964518058
variable_644	13.3807868801434	13.5534666200332	13.4228182001176	13.6536452986895	13.4266207799024	13.2916005991071
variable_666	15.5093559986594	16.5713852889128	16.8315350752626	15.8610979186128	15.834586171879	16.8300681548134
variable_729	13.7728167798604	13.9102621780859	13.9105201930978	14.0868187090637	13.7934479996043	13.9101478298377
variable_746	14.4896339750336	14.5941109353363	14.6088370461146	14.7075128929245	14.8202592727085	14.5644906248186
variable_769	13.0675945787758	13.2720167865832	13.4174652281158	13.4042524645901	13.4094113509347	13.1301263152801
variable_771	15.0061071388951	14.8198662549186	14.741348194124	15.1439037248101	14.9562696333276	14.7004444143187
variable_775	12.6109827767645	11.8482017323806	NA	12.163501720323	12.0161556699749	NA
variable_827	13.4042447427728	13.5331312460741	13.302626807107	13.5372459546473	13.6295395368268	13.4101621541916
variable_832	13.1023328773739	13.6350286492228	13.3362938976238	13.4134120833626	13.6889884246637	13.6783599438816
variable_844	13.223129365688	12.9238394840981	12.915888791012	13.308465825247	12.8538007951731	12.6038913023105
variable_853	13.8275954512738	NA	13.2531655323301	12.9990999094188	NA	13.5443983190303
variable_870	14.7359576013122	14.5158718635324	13.2877230715823	13.8001895799871	14.1335226020959	13.433653752651
variable_905	11.8864803507924	12.4154069680628	12.3741295891137	12.4454044846588	12.6159455513291	12.3390091888283
variable_916	18.1245473312536	18.7374622747936	18.5736534543802	18.7016807969026	18.7990413640435	18.751556187475
variable_919	13.7331342625001	12.9470875924757	11.9203157748401	NA	12.5798346706005	12.9514147336909
variable_923	15.347476279346	15.8321546405038	15.7152510047097	15.865463957545	15.8836417317233	15.9141195960439
variable_931	12.3611529444371	12.8573346211281	12.8096517507255	12.9523835864566	12.5091039670705	12.5434447199703
variable_938	17.4457309540802	17.5991873135183	17.6998376715988	17.6647963573188	17.8027192932791	17.4943760779718
variable_948	14.6110020110853	14.6756469574699	15.0889868520548	14.8853300736331	15.1648903728298	14.9819768456134
variable_953	12.4996848244854	12.1093850054319	12.416358020619	NA	NA	11.979243683966
variable_977	16.1577024353891	16.2856983134727	16.2720342446707	16.406846130444	16.3533135408774	16.19321112721
variable_987	13.1591189550861	13.0599064916033	13.1391690356047	13.2395413737909	13.1835730372073	13.1518605132019
variable_989	NA	15.5250599444169	15.7105742114263	15.5033140803035	NA	15.4989590934834
variable_994	11.85787376153	11.934833287729	12.2259524695317	NA	NA	12.1720975472048
variable_1016	15.2804706569913	15.9000348477985	15.7314281673457	15.8796789051519	15.9766568388314	15.8736561343306
variable_1018	14.1590036482592	12.6879845672969	13.7427525660666	12.6098002227326	13.0350346594284	13.7078205259513
variable_1020	12.5980577610334	13.2586512323796	13.23929818261	13.3065731353961	13.1416810699577	13.448681186573
variable_1023	16.4520688529007	16.0522669438105	14.7744924455034	15.9304884276754	15.2094900652219	15.9150418917732
variable_1060	17.2669437185177	15.6180035705704	16.5533883813641	15.2441830492503	16.9796040108059	15.662953614002
variable_1067	14.7005923855615	12.5922749874866	13.9094577020934	NA	14.4307210747866	13.0571229281812
variable_1076	16.9923717728875	17.1360989701661	17.0386959893893	17.2048399267343	17.111749838813	16.992539446289
variable_1080	13.809215467029	13.8999027738374	13.8712916076955	13.9425099924851	13.88503230111	13.5854874929989
variable_1087	13.7621157122191	13.6951246964563	13.7203652447306	14.0392163628262	13.8682213803081	13.6602208247493
variable_1107	12.5696403882853	13.3391497635132	13.8768500920234	NA	NA	13.4955508138043
variable_1125	14.7431304746183	14.6524250268803	13.8766912647544	14.3479508676462	14.2121920539503	13.9932315023627
variable_1143	15.9502474291644	15.8188657946213	17.0301802011932	16.4669474057197	16.3087046582615	18.1526575760778
variable_1148	19.6215728829771	18.926605911941	21.1745088788747	18.8903248930046	19.7595852983391	21.1369044867696
variable_1152	16.9678505271946	16.2154405555698	18.6037176296785	16.2012250012713	17.1121075585907	18.5628929199519
variable_1157	13.8510458658853	12.9967238926943	15.3929298973749	12.9886812412164	14.02539186089	15.3150318439542
variable_1185	16.036294005715	15.7558094717162	15.7937595883097	15.7119018640325	15.7613882362833	15.6917761901304
variable_1193	13.1219651331706	13.0770636214712	12.9951121962824	13.2969810481965	13.0268874976108	12.9278600091772
variable_1206	16.5001493711574	16.0260943143456	16.2563864052442	15.475778126057	17.1225536742273	16.47556262867
variable_1216	14.0845416967549	13.7308194924815	13.8910866736807	12.3220777622919	14.660793908491	13.8139897845219
variable_1223	14.0517334239222	13.7452603985846	15.0030453603707	NA	14.0396924672823	15.0795205859278
variable_1234	15.1800525240984	15.0843514644222	15.1274724950544	15.0600218825774	14.8933652994005	15.18834372112
variable_1239	12.8779863896081	NA	12.7616652125629	12.9114453306549	12.6843541644538	12.6657414579888
variable_1272	13.8308041917277	14.6384280699793	15.1823833224711	14.8324467833479	14.537450457354	14.6369583157757
variable_1284	14.894480748684	14.6706947010391	15.2425608567256	15.088231357062	15.3737426126678	16.7405409714835
variable_1294	13.8396016498712	13.9981383047686	13.6610968663751	NA	13.7567388783411	14.0868700472198
variable_1295	18.7355003654667	17.7385396114481	19.5424208462636	17.3372821102187	18.6707747391866	19.4777960187971
variable_1296	14.4292212478787	14.4444407225821	13.4374568855493	13.8017115649388	13.5956128651341	12.190507486537
variable_1302	16.2150435428452	15.328732421233	17.0397193571467	14.9745010318819	16.1913251258897	16.9740071385394
variable_1312	15.1306502868733	14.2014249269562	16.1866710007551	14.2575896400692	14.977606238318	16.2765417989375
variable_1360	16.0822678579897	14.9704553332636	15.5669969189636	15.0356643479766	15.1601168791984	15.1719401853853
variable_1369	14.1445111881561	13.5273928317672	13.6670828367531	13.4844717084768	13.2999410813264	13.3737494063788
variable_1398	17.1266510756384	17.087826502776	17.1672664800431	17.0772560156471	17.065243388937	17.1164944597739
variable_1402	15.1732376252162	15.114581457274	15.140371396859	15.0450788323617	15.0348099860265	15.1333974743098
variable_1426	13.9944352784669	13.6420788169217	14.5942780961526	13.5956840470686	14.1226628490337	15.4043412845239
variable_1442	14.3425939010689	14.6285414690295	14.023701852472	NA	14.492968026883	14.179461184541
variable_1457	15.3548727499663	14.1575975767658	14.7061900526925	14.2983191709861	14.2807839231814	14.3033394685352
variable_1464	12.9072620191544	12.8324577157015	13.1971918968464	13.3548738782702	13.3670443701382	13.4231012264159
variable_1493	12.7613653387578	12.7002072246471	12.0714150767635	12.3649454079457	12.5227544157629	12.2692085512063
variable_1501	14.7387723968899	14.4296981602436	14.7077939215457	14.5329594415007	14.517319079747	14.5097510408826
variable_1506	15.0263586805655	15.2235286919333	15.0404011187499	15.0098019263768	15.3660348283896	15.5293087556304
variable_1509	12.6388946600936	11.9962101039467	13.4423151930899	12.1938172200461	12.7300044789096	13.5053523773518
variable_1513	NA	13.5632095933567	13.1977103629011	NA	13.462426560384	13.6020924215584
variable_1520	12.4302466179685	NA	NA	14.411622132396	13.2606885014041	14.0036481820444
variable_1533	16.2136722392755	14.9817030632555	15.6297643825307	15.0974896275942	15.2155837288663	15.2361498820455
variable_1537	13.9561468039545	12.8883757491339	13.4439075238704	NA	12.8472579178692	12.9921346686902
variable_1556	14.1594367926588	13.8043620427533	15.2693765782711	14.405273768939	14.4500653784266	16.0646070700585
variable_1564	15.6745400897894	16.2141134838651	16.0281587141232	16.1435590939144	16.1796788106847	16.1713380819225
variable_1571	13.5026468404905	14.2235910442588	13.8752754687174	14.1029907070299	14.160368022563	14.1181657457601
variable_1574	16.6246325187873	16.2777023012127	17.7519281358386	15.9610663686489	16.9166639369255	17.2372042545625
variable_1581	14.5133446569015	14.1880642807911	15.5928805603452	13.8618516442623	14.8450642131955	15.0936959067146
variable_1586	17.3026288942615	17.5774836254923	18.3556232991435	17.2051989107615	17.8955848534394	18.1811607830257
variable_1592	15.1741653823398	15.3621299908376	16.1053493453795	15.0853385567493	15.5977010794717	15.9006466538
variable_1598	12.3648115569161	NA	12.7834305002701	11.8079727635738	12.7984224885111	NA
variable_1619	16.0365623933532	14.519616335991	15.2419030112313	14.554608085109	14.3522994001251	14.8377746772192
variable_1635	23.2697978401372	23.8157674260744	23.6671052996459	23.7776288054604	23.8936636941347	23.827581575703
variable_1637	12.8628322522793	13.1391097201356	13.0306155454272	14.1754316187236	12.8653955385221	12.8529359607119
variable_1641	18.5918045492041	19.1418047640647	19.0161426062205	19.1084794278998	19.2257398619756	19.1614701223456
variable_1642	13.3586394461777	13.0414861360755	13.2140574431891	13.3513157041461	NA	NA
variable_1644	12.5481357934134	12.620361225788	12.5245395592932	NA	NA	12.5875961924257
variable_1645	15.2432579264448	15.8169891635179	15.767189710478	15.7841107409386	15.8489356463128	15.846170671866
variable_1649	12.055272191504	12.3910668963428	12.6747885539898	12.8256588560361	12.7669024380603	12.6580232340124
variable_1660	16.555522538801	16.9880586738151	17.7507669544845	17.8151740544183	17.3086236848931	18.9832825857283
variable_1661	15.1573877743261	15.7569112537139	15.1284117051986	15.7588445174814	15.8489506892409	15.2904093111853
variable_1665	14.5003703896271	14.8597688305632	15.6404992204799	15.7417691041456	15.1975008291932	16.8461993010858
variable_1672	13.0561862097963	15.397061753791	16.3647915333913	15.0440327755735	15.7208234402203	16.2987456660233
variable_1676	NA	13.5630228124313	14.0999600544286	NA	13.5864801712667	14.0997061093073
variable_1685	24.0658501062856	24.5805107515248	24.4454916732385	24.5344785855284	17.5025198064594	24.6015870590057
variable_1686	NA	17.481727576643	NA	13.1623439242172	24.6594749005241	17.3585291482282
variable_1691	22.1217930876568	22.6750628749059	22.5286316879969	22.6161073685371	22.7570304757325	22.7009205089965
variable_1693	19.5052432727821	20.0551323546117	19.923650350335	20.021426959064	20.1362601128719	20.0653629707963
variable_1695	16.232158364241	16.8155210986431	16.6931670806442	16.8159975346228	16.966580768004	16.8454439512167
variable_1698	18.4983804559997	18.4742759718077	18.6365677629448	18.392893150085	18.4722957698757	18.5639948191798
variable_1700	16.3481371472528	16.327185600592	16.4893914229509	16.2040241066691	16.318537190606	16.3805753707144
variable_1701	12.456048753093	NA	11.8103326391433	12.555196337903	12.3481015366474	12.0358333607723
variable_1704	13.7997664327976	13.7563842482082	13.9506933215864	13.8229883365633	13.627825470042	13.7858907872105
variable_1708	14.3338210822779	13.9434601639671	14.2450126753467	14.1171858666214	14.072739396072	13.8753118356691
variable_1732	13.1464741497571	12.7141280724566	12.6694072916185	13.3620520094871	12.3644728521921	12.7556242959606
variable_1736	14.0848901054954	14.9758428327177	14.796318694845	14.8755544371792	15.1039705865796	14.9474201109654
variable_1740	NA	13.5852589484406	12.5496648458249	13.208677492085	13.1388390766052	12.8379728048801
variable_1743	13.1600231572316	13.6388931899307	14.7155156573802	14.1400203338133	14.4376316167394	15.1600674298945
variable_1746	NA	NA	12.9040377374452	12.0810798182331	12.5489546067918	13.3310273740582
variable_1750	12.8504664290513	13.421122677322	14.1233883025079	13.6852114262945	14.2606728001278	14.3662975838966
variable_1757	16.7656482974854	16.5112624530888	16.7036919449136	16.6592328708825	16.6248525376545	16.5275449355522
variable_1759	NA	12.8525602471585	13.2781097144416	12.858828893914	13.1747370845685	13.8110658287682
variable_1760	22.2263103274066	22.283489982818	22.3252738428924	22.1763898850699	22.2107310628027	22.2822001424453
variable_1764	20.2145255058558	20.2598184736774	20.3099079561781	20.1811429355911	20.2181603565928	20.2842150664722
variable_1767	12.2872948211557	12.8282827404651	13.6925747136794	12.3764780072822	13.6106245260026	13.5599250876268
variable_1768	18.8633344874602	18.8978032817364	18.9524397889606	18.8031305748123	18.7980158740978	18.9117105798802
variable_1771	16.3301620480588	16.3645502201549	16.4587579612655	16.2365233962961	16.2918090491728	16.391160702294
variable_1773	13.1256753584203	13.2353963542175	12.7925596007662	13.2428335200037	13.0320585730808	13.0643902064563
variable_1777	15.4031035996033	15.7520983399474	15.6600780375292	15.6487408735858	15.7286050016002	15.7673354222856
variable_1783	20.9837940274269	21.2924093461353	21.2323991866313	21.2194870426158	21.2248349795116	21.2734666975433
variable_1785	17.2023040883185	17.2149820634334	17.7880922479752	17.3114466199231	17.3534999551456	17.2037599685455
variable_1787	15.0689404038792	15.0646025758169	15.5417193598589	15.0490215017482	15.124619980508	15.0733670464697
variable_1790	12.2585888847379	12.6006716363616	13.2955209516254	12.9200419064797	12.8789113251276	12.856771172189
variable_1801	13.8452302947825	14.0348192040151	13.569936242336	NA	13.5928478565876	13.7871801013806
variable_1804	12.426815840985	12.5271502946763	12.5210716327872	NA	12.3730783898594	12.7860753130903
variable_1811	15.1246994221652	15.7329053603944	15.0464702806721	15.7138546462188	15.8577905569227	15.2495806420889
variable_1814	13.0565744214123	13.7848437955926	13.1067774147274	13.6027183783218	13.7905821258243	13.3152973881884
variable_1828	14.4487185783306	NA	14.5910946969043	14.0368850489991	14.1555085565924	NA
variable_1829	15.0027845878686	15.3186442208782	15.2158914582006	15.2362624151373	15.1108606490527	15.2565327845678
variable_1831	13.9994709578785	14.3941186042666	14.3339666861948	14.0604140395138	13.7983643487333	13.9382204838517
variable_1834	12.2511353672287	13.1440908599525	12.6036754187246	NA	12.8392299730215	12.7251837691187
variable_1847	13.1378641070572	13.0731084103716	13.5723569255619	13.0591031644794	13.1396175946792	12.8543235814806
variable_1853	15.7028140855063	16.0891930443428	15.5770488164371	16.5663388783283	15.8314965350593	15.818716792826
variable_1874	13.4874219242524	13.7067433009853	13.7539029436142	13.7523018334441	13.8870910026196	13.9616030148345
variable_1908	13.6917753744219	13.4218806209183	13.6792564447579	13.5378915978876	13.6339056427694	13.4882069620055
variable_1914	13.3334118680422	13.1570243696317	13.4017575518009	15.1037015806025	12.972714407289	13.0632590741821
variable_1928	12.6115055640075	13.6859425389203	12.942192840952	14.0731424507904	13.3275318124476	NA
variable_1964	14.9736204892243	15.5841149536774	14.9980080495678	15.598922918443	15.8424324397584	15.1339461208584
variable_1968	13.0833771637907	13.6918564824049	13.1543173353662	13.7218631908747	13.7844823712699	13.1710495910429
variable_2007	15.4143681279766	15.5696732526011	15.0167323776537	16.0750554441853	15.3673758286628	15.4272831976429
variable_2012	13.4995947159124	13.5433180298946	13.0524176329305	14.2762739950129	13.3484775644668	13.4007028892173
variable_2019	NA	14.4061583639028	14.5992142275817	14.4827857271959	14.5618007769333	14.5023020022888
variable_2029	11.6612265450598	NA	12.6123055125353	11.8587658403424	11.9863589905341	NA
variable_2035	13.6333249153214	13.9945971634701	13.8201942024553	14.1264684196677	14.136304721546	14.052081677201
variable_2050	13.6054567549721	13.1244383185337	13.6636584902258	13.6846393331968	13.1794322865559	12.9092933526401
variable_2054	15.9115136466257	15.4032764328486	15.7230480049248	15.3863045510356	15.5443980554488	15.5370675490004
variable_2063	14.6145354625289	14.3478822735727	14.5925986598728	14.416493414822	14.413379555306	14.391837965424
variable_2071	12.7853813862027	NA	12.7081455890678	13.1563171736704	13.1316661282641	13.2466084341979
variable_2086	12.9874791414732	13.9214863465939	12.6828348105552	14.3385849267633	13.3191323872346	NA
variable_2100	NA	12.5965009171962	NA	13.8603167686311	12.3431941432985	12.4575189911981
variable_2102	13.1227239107535	14.303752191382	13.7557641714551	14.2725263023945	14.7444442924838	14.2050214926868
variable_2115	13.8723992081353	13.6862803130381	13.3908342675462	13.6468784711435	13.4181380041224	13.4427931675773
variable_2119	12.8835359899116	13.4143284636283	12.8708847457422	13.5714055214934	13.9321501971459	13.6084199324322
variable_2123	14.5094947241046	14.2794200522645	14.4917951572268	14.6373057326827	14.3992612146832	14.3638678448198
variable_2128	12.5537402546062	12.5682946009501	12.8102374701792	12.8097384184315	12.1018031668698	12.420458785775
variable_2129	12.884458480859	12.0528817706354	12.6261235996447	11.9201702283389	12.4639056923658	12.5204508628606
variable_2161	NA	13.3017747751107	NA	13.2209172597945	13.2290845962756	12.8668776860845
variable_2170	15.201404181448	15.2277672009057	14.739558497221	15.4097143457794	15.0426804901776	15.1029812958756
variable_2173	13.3965625208995	13.5293606708313	12.95948721886	14.3116912460281	13.3059426468909	13.4018685050449
variable_2200	13.1600466441951	13.5444647857671	13.0282384458019	13.8729427258091	13.8393450983784	13.1706185958476
variable_2205	14.9338178684601	14.2664052995134	14.8275749489813	14.4581737341062	14.3279407281854	14.5247196871067
variable_2207	14.4814742269414	14.0507296701418	14.5190596613305	14.3447903682124	14.3943337604646	14.4401079761363
variable_2208	12.9746506371492	12.2803546195742	12.8857483526877	12.2850411860993	12.4034980768035	12.4557057674627
variable_2210	12.9536671864771	NA	13.0140487391057	13.0163548110465	NA	12.8925807059779
variable_2249	13.133656249904	NA	13.0624525062186	13.087419309981	13.1606016848117	13.1033272374792
variable_2255	13.8872361765596	13.7892163259005	NA	13.901692984127	13.7921575631167	13.9000885296367
variable_2265	12.2180579043908	12.8854608070537	12.5576861091003	19.5365163208774	12.4564640339255	NA
variable_2281	15.180478948654	15.0447934889926	14.4163220842217	15.5201943572353	14.8085362378649	14.9522877700271
variable_2285	14.0308810611766	13.9212050140743	14.0486399832331	14.2690328901937	13.9753526058963	13.8111539302198
variable_2287	12.2186995208389	12.2254617809619	11.9658604482669	12.3862108216336	12.0628020963189	NA
variable_2315	13.7396032889055	13.234087000432	13.549393276855	13.327883402873	13.2445416552642	NA
variable_2317	12.6718502512758	12.6198176923034	12.8431923255126	12.6058945808118	NA	12.7199231519202
variable_2351	13.7755851290445	13.1733848084237	14.3283550532199	12.9535701174361	12.5767166533741	12.8399146566921
variable_2386	14.2047952634235	14.6477547097622	13.9500500494808	12.4656764920351	14.2344655427247	14.5997924077593
variable_2388	12.6296273435444	12.6394761879401	12.1329574480794	NA	12.0810665444386	12.4968476052247
variable_2396	13.5141600757354	13.3064018703691	13.4577737827328	13.4480008301916	13.2832233185942	13.272058975109
variable_2411	13.2241859235415	12.2811705018787	NA	11.8208814984189	13.0766658992804	NA
variable_2416	13.7234726405697	13.9804062730643	13.8057937755724	12.7670954388001	13.8336502176837	14.2365641670646
variable_2435	NA	11.9299498734224	12.8270102283251	NA	12.3924073207937	13.2247488023442
variable_2437	12.613624975914	13.0155015865694	NA	12.7022612355915	12.3898254546358	12.5443138958311
variable_2440	NA	12.4789326440287	12.0743064415656	12.5548214328104	12.6645221505068	12.4492537894112
variable_2444	14.5469400938209	14.1836842879177	14.5091247673954	14.3942805422213	14.3721354749474	14.2372002912066
variable_2453	15.6816955422549	16.4985743109544	16.2454447613892	15.9664343852329	15.7261141036973	16.1460803906699
variable_2456	14.4331352255911	15.1132539192754	14.8352174816644	14.6626345078871	14.3576094816848	14.7610237820636
variable_2458	14.3952163188436	14.1370136562331	14.2248091116146	13.5467678415758	14.1295432179775	14.3261298874005
variable_2462	13.0302525259293	12.5909879546201	12.4900838924746	NA	12.3744906620896	12.877790812361
variable_2479	13.7998502340301	14.3136221193129	13.0180031332056	13.8732468397211	13.7894359786978	13.5797604914023
variable_2483	12.4736543942986	13.2677259756055	NA	12.788281704993	12.6274926253014	12.3178107590632
variable_2511	12.4459364409187	13.997996587743	13.9712222227349	13.3575927490061	12.9534125584878	13.882660142766
variable_2512	16.875986582216	17.342351331047	16.4807963208679	14.8297162103119	16.4503954378907	15.0867436529454
variable_2513	NA	12.6080632893863	12.7486348829466	11.9670050476386	NA	12.8365056610948
variable_2518	13.7685362690751	14.1713880766516	13.8524896464443	14.1805472172532	14.1385983820193	13.897907942325
variable_2519	19.4217130232833	18.6879439658364	18.7494414392233	15.6512447576178	18.1503498386039	15.9009484013239
variable_2522	18.0490880625403	17.2553298762907	17.337368952268	14.3467734347668	16.7384464034178	14.484851574865
variable_2524	16.3918232880233	15.5205366153552	15.667961384447	12.8692538610507	15.0148779314434	13.9817968603212
variable_2526	14.3154649418746	13.2937243019183	13.6593256049555	NA	12.8857166360779	NA
variable_2537	15.2800503650138	15.6060561270713	NA	13.8599532726541	15.2061432817992	14.9439143580065
variable_2539	12.9137927071343	12.5273217105221	NA	NA	12.5077634337082	12.6233626428677
variable_2543	15.3541778623359	NA	14.4276969813451	12.8446208987684	14.6723935705183	13.7049151313102
variable_2547	13.9045553579621	13.4783778919977	13.2509841205359	NA	13.2588212984195	NA
variable_2555	14.8048522056745	15.4856773810296	14.8020082747223	13.9833251887245	14.8660949112487	13.7098475665645
variable_2556	13.5434406142949	14.2808972548919	13.6347246424056	12.8112131440915	13.7194384259353	12.4345595779095
variable_2557	18.1449712769851	18.7586493263441	18.2204131446568	16.7438573118289	18.2148683585539	17.53776673853
variable_2559	22.6122381019116	22.7978569588456	22.5049478519864	21.5970189275352	22.2520950654645	22.4266736434415
variable_2560	21.4328201994877	21.6338362217143	21.3434584090908	20.4226248981194	21.0730600296451	21.2564612610195
variable_2562	21.2149458630423	21.0894820532833	21.5288391022041	19.7977495561446	20.9028320480217	20.523184356724
variable_2563	19.8397198194428	19.6111808683476	20.1319570566575	18.102812458229	19.4722513139972	18.939383706157
variable_2569	14.8271698989379	14.3988872332963	15.2415264177176	13.0812804524541	14.4243502390761	13.7550233684984
variable_2587	12.3735767779816	12.8236181917498	12.1983021540052	NA	NA	12.4819513667567
variable_2593	13.2802286287169	13.2311712359658	NA	NA	13.4047604079578	12.5226013012706
variable_2596	15.7441106086111	16.119091490777	14.8850942326405	14.8672101071826	15.5980161650197	15.8865108512554
variable_2597	14.5194350905404	14.8240072997484	13.8684362555789	13.6977021574184	14.4731273881257	14.6947757561897
variable_2627	12.7507191040245	12.9974177084839	12.653242826354	NA	12.4164189932716	12.0133345474612
variable_2628	NA	13.9248888432659	13.7420921614115	13.585847075004	NA	14.0192517400647
variable_2632	17.1616629611296	17.2442285335539	17.0559264918888	16.7788087471802	16.9498440510177	17.2619304982654
variable_2636	15.9161620973556	15.9886476338405	15.7708609527489	15.4452615314549	15.6178518643241	15.9906900437222
variable_2639	12.9367353363521	12.8129256880715	12.891973361188	13.0370113826164	12.6875975705085	13.0238941339073
variable_2640	15.8385260818104	15.6560873288917	16.1009155408809	14.5935198601264	15.6413124847367	15.4863673788666
variable_2642	14.3749890097122	14.1633041121778	14.669888669621	13.0520838972637	14.1757364149377	13.9894426780341
variable_2644	15.7374602161138	15.7553537024633	15.6526359781238	15.3366461224027	15.4521984674426	15.7794368298342
variable_2645	14.568697467064	14.6129965933391	14.4287616138645	14.2816448498982	14.3321642441102	14.6595644737889
variable_2651	14.2396569760303	13.8653819448127	14.5748410070701	NA	13.9849425657758	13.7369641906154
variable_2711	19.8173525619449	21.2337812405506	20.8641137309091	21.1974208105505	21.4429734687637	21.2717012071507
variable_2713	18.9450281459149	20.2467593638792	19.8880539284347	20.2530843830344	20.4837695161845	20.276194480839
variable_2716	16.9877410706856	NA	18.1061302959881	18.4618397626911	NA	18.5012371623026
variable_2717	14.4567025907376	15.9259854967988	15.5347275041242	15.9305745688796	16.1065034697581	15.9891251420367
variable_2718	NA	13.2652343321895	12.8529175230641	13.373878484353	13.5204442640094	13.3603498689389
variable_2729	18.5345110837529	19.6814108130591	19.4084440379077	19.5249076644334	19.742439983077	19.6623269906812
variable_2730	17.4429387474158	18.6293082332543	18.3574124677512	18.4852534514468	18.7020889483647	18.6216381468118
variable_2731	15.9617374424608	17.2044028186764	16.8809672404694	17.0465584831348	17.2586429132164	17.1993653798323
variable_2734	14.083873952896	15.2148124345011	14.9596150684665	15.0214389705442	15.2757233866882	15.2263236876697
variable_2736	NA	13.1601344622358	12.8664703152712	12.9532679908869	13.0144721536799	13.0689328699886
variable_2740	15.2871991859195	16.0125955188237	15.8801450382102	16.0263742745204	16.0687542713806	16.0489440292035
variable_2742	14.3279579708712	15.0648085989941	14.9779927101424	15.0341017825469	15.0304783914485	15.0504781126633
variable_2744	12.6678243078748	13.3354956689839	13.1453455340291	13.1356289520709	13.2698429377769	13.257526258372
